# Created by Octave 4.0.3, Wed Dec 04 04:38:54 2019 CET <starlight@aero>
# name: U_14
# type: matrix
# rows: 14
# columns: 10
 9.282e-06 9.282e-06 9.282e-06 9.282e-06 9.282e-06 9.282e-06 9.282e-06 9.282e-06 9.282e-06 9.282e-06
 -3.436983580633949 -3.436983580633918 -3.436983580633913 -3.436983580633905 -3.436983580633934 -3.436983580633918 -3.436983580633953 -3.436983580633943 -3.43698358063393 -3.43698358063393
 5.286318003437054 5.286318003437041 5.286318003437033 5.286318003437051 5.286318003437025 5.286318003437048 5.286318003437024 5.286318003437051 5.286318003437049 5.28631800343703
 2002.114254606627 2002.114254606638 2002.114254606635 2002.114254606633 2002.114254606645 2002.114254606641 2002.114254606639 2002.114254606636 2002.114254606633 2002.114254606636
 3.186649440949846 2.686223119646484 2.36779821883861 2.156825849345356 1.991538194479468 1.931784127837387 1.855893777676112 1.796522663944951 1.771489903687091 1.7435610849866
 0.0109799878232687 0.007866942144168337 0.01901154824808471 0.007375451207015132 0.008415590003985294 0.02285128549813216 0.02438359087416441 0.009619998967021124 -0.005649981200493336 -0.006461337217168774
 -0.02994681964608214 -0.01697394236724163 -0.0001382902208578218 -0.01831954954841943 -0.01283266358157167 -0.004633188672095562 0.006117030078672561 -0.01032266893434595 -0.01688404002710981 -0.01446644474499306
 1.208609458179726 1.372207946575367 1.493417806636482 1.560227320212104 1.619512013157911 1.632946976549797 1.636034376156734 1.640124272766206 1.65279467386989 1.667217916611493
 -0.006687070328450256 -0.009915871113755395 -0.01934655431685975 -0.01219813558170241 -0.007106147628903084 -0.01034653229769357 -0.009791387810222671 -0.003041525615909021 -0.0142087927717237 -0.01130844808798015
 0.6649633399439384 1.001791172851646 1.199006213598425 1.343169069516064 1.449172031436142 1.495491134686341 1.568294085240666 1.623575302362362 1.635937661516518 1.64944323747541
 -30.80296691799666 -26.19261104029313 -53.01333447837485 -19.30532001697929 -31.96608988131062 -28.56234266136902 -17.44351895741663 20.7682034734018 23.4235815167808 41.04582654668035
 -36.45599056070605 -5.553374675577202 -20.83183782058343 -16.40645896130726 -23.25203650876041 4.040030939151716 5.066816275092067 14.44145521919283 -9.239946684621952 -27.59991815582954
 9.628280227608178 -19.59719301688619 -10.88732882045601 7.752937958622334 11.03555916426369 1.323295008936862 5.271362413536688 1.560729973118515 -1.096852730075749 12.44766221831233
 5734515.59802238 5439257.875662603 5225566.019096014 5065005.273069164 4974036.518951598 4888107.698371954 4808494.746792775 4750380.715077033 4702127.745813819 4681369.125287117


# name: t_vect
# type: matrix
# rows: 10
# columns: 1
 1.5e-05
 3e-05
 4.5e-05
 5.999999999999999e-05
 7.499999999999999e-05
 8.999999999999999e-05
 0.000105
 0.00012
 0.000135
 0.00015


